adjusted_tail_counts: [[9.605837092497616, 9.606399099955997, 9.606680128346882, 7.685479002619191, 3.8427619851594086, 1.9213866135914897, 7.68555994485739], [9.605837092497614, 9.606399099955997, 9.606680128346882, 7.685479002619189, 3.8427619851594077, 1.9213866135914897, 7.685559944857391], [9.605837092497616, 9.606399099955997, 9.606680128346882, 7.685479002619188, 3.8427619851594077, 1.9213866135914897, 7.685559944857391], [9.605837092497616, 9.606399099955995, 9.606680128346882, 7.685479002619188, 3.842761985159408, 1.9213866135914897, 7.68555994485739], [9.605837092497618, 9.606399099955997, 9.606680128346884, 7.685479002619189, 3.842761985159408, 1.9213866135914897, 7.685559944857394]] 
adjusted_vol: [[1250000000000.0, 2500000000000.0, 5000000000000.0, 10000000000000.0, 10000000000000.0, 10000000000000.0, 100000000000000.0], [125000000000.0, 250000000000.0, 500000000000.0, 1000000000000.0, 1000000000000.0, 1000000000000.0, 10000000000000.0], [12500000000.0, 25000000000.0, 50000000000.0, 100000000000.0, 100000000000.0, 100000000000.0, 1000000000000.0], [1250000000.0, 2500000000.0, 5000000000.0, 10000000000.0, 10000000000.0, 10000000000.0, 100000000000.0], [125000000.0, 250000000.0, 500000000.0, 1000000000.0, 1000000000.0, 1000000000.0, 10000000000.0]]